14
21
57
190
255
273
280
287
368
384
406
455
462
525
532
569
581
606
642
672
762
769
776
783
821
837
844
866
925
955
970
1071
1078
1112
1119
1131
1138
1145
1162
1204
1277
1362
1440
1469
1507
1733
1748
1764
1790
1797
1817
1837
1868
1917
1924
1943
1950
1990
1997
2122
2129
2221
2237
2301
2337
2371
2397
2478
2502
2526
2617
2624
2631
2668
2689
2729
2750
2874
2881
2901
2908
2923
2963
2978
3025
3100
3136
3143
3178
3185
3286
3340
3377
3384
3403
3540
3574
3609
3663
3670
3677
3739
3802
3823
3878
3885
3940
3960
3980
4000
4025
4063
4070
4219
4241
4268
4275
4292
4323
4330
4348
4410
4434
4462
4469
4476
4525
4597
4632
4639
4646
4653
4702
4709
4810
4858
4894
4937
5075
5107
5240
5297
5304
5344
5351
5394
5574
5632
5661
5745
5752
5759
5801
5808
5844
5923
5956
5963
6095
6129
6136
6179
6194
6291
6316
6331
6437
6478
6514
6543
6579
6606
6662
6669
6685
6725
6775
6802
6838
6919
6994
7018
7096
7113
7120
7127
7134
7141
7183
7242
7252
7337
7364
7382
7389
7428
7482
7500
7507
7523
7596
7614
7621
7628
7780
7787
7863
7870
7899
7930
7946
7985
8020
8060
8067
8121
8128
8150
8196
8301
8320
8335
8361
8368
8399
8434
8508
8570
8597
8604
8624
8643
8650
8683
8702
8771
8778
8827
8834
8871
8904
8964
8985
8992
8999
9030
9142
9149
